function out = UKF_f(x,dt)

F1 = [1 dt 0.5*dt^2 0 0 0;% transition matrix
    0 1  dt        0 0 0;
    0 0  1         0 0 0;
    0 0  0         1 dt 0.5*dt^2;
    0 0  0         0 1  dt;
    0 0  0         0 0  1];

out = x*F1;
end

